0.600000
0.800000
0.800000
0.800000
0.600000
0.600000
0.600000
1.000000
0.600000
0.800000
0.600000
0.800000
0.600000
0.600000
0.600000
0.600000
0.800000
0.800000
0.600000
1.000000
0.600000
0.600000
0.800000
0.600000
0.600000
0.600000
0.800000
0.600000
0.600000
0.600000
0.600000
0.800000
0.600000
0.600000
0.600000
0.600000
0.600000
0.600000
0.600000
0.600000
0.800000
0.600000
0.600000
0.600000
0.600000
0.800000
0.600000
0.600000
0.600000
0.600000
0.600000
0.600000
0.600000
0.600000
0.600000
0.600000
0.600000
0.600000
0.600000
0.600000
0.600000
0.600000
0.600000
0.600000
0.600000
0.800000
0.600000
0.600000
0.600000
0.600000
0.600000
0.600000
0.600000
0.666667
0.833333
0.666667
0.666667
0.833333
0.666667
0.666667
0.500000
0.666667
0.833333
0.666667
0.666667
0.666667
0.666667
0.666667
0.666667
0.666667
0.666667
0.833333
0.666667
0.833333
0.833333
0.666667
0.500000
0.666667
0.666667
0.666667
0.666667
0.666667
0.666667
0.666667
0.600000
0.666667
0.666667
0.666667
0.500000
0.666667
0.666667
0.666667
0.666667
0.666667
0.666667
0.666667
0.500000
0.666667
0.666667
0.666667
0.666667
0.500000
0.666667
0.500000
0.500000
0.666667
0.500000
0.500000
0.666667
0.666667
0.500000
0.666667
0.666667
0.666667
0.500000
0.666667
0.666667
0.666667
0.500000
0.666667
0.500000
0.500000
0.500000
0.500000
0.500000
0.500000
0.500000
0.666667
